298
39 54 100
46 56 100
48 55 100
42 56 100
45 50 100
48 54 100
41 56 100
48 53 100
46 51 100
46 53 100
44 54 100
40 56 100
45 52 100
44 52 100
39 49 100
43 53 100
41 56 100
50 55 100
50 58 100
38 51 100
44 49 100
40 48 100
48 56 100
39 55 100
49 56 100
43 50 100
48 61 100
52 61 100
41 47 100
40 48 100
41 51 100
55 44 100
53 59 100
51 44 100
50 58 100
41 49 100
40 51 100
52 44 100
48 60 100
49 62 100
51 60 100
37 53 100
38 51 100
55 38 100
50 64 100
52 40 100
56 44 100
51 61 100
52 63 100
36 50 100
39 49 100
55 37 100
53 42 100
39 62 100
52 63 100
55 42 100
37 50 100
59 41 100
53 66 100
38 55 100
61 34 100
37 60 100
61 39 100
56 65 100
58 38 100
34 67 100
29 37 100
34 62 100
59 39 100
62 36 100
31 64 100
36 63 100
58 37 100
30 66 100
58 31 100
30 34 100
61 33 100
56 69 100
34 66 100
59 34 100
35 65 100
30 67 100
65 29 100
63 30 100
28 36 100
27 32 100
58 71 100
27 32 100
53 69 100
61 68 100
27 36 100
29 70 100
62 31 100
26 32 100
67 28 100
26 72 100
56 68 100
70 25 100
26 73 100
72 27 100
25 68 100
63 28 100
27 67 100
71 29 100
24 69 100
69 30 100
62 72 100
28 68 100
74 27 100
25 69 100
70 28 100
28 70 100
71 27 100
28 71 100
71 24 100
77 22 100
22 76 100
28 72 100
74 24 100
27 72 100
78 25 100
26 71 100
74 24 100
23 70 100
81 21 100
21 72 100
74 21 100
24 77 100
80 23 100
78 20 100
23 77 100
21 31 100
76 19 100
20 74 100
28 75 100
75 21 100
66 75 100
80 21 100
18 34 100
26 76 100
77 24 100
19 74 100
66 76 100
17 28 100
78 23 100
77 19 100
23 70 100
28 76 100
81 21 100
17 28 100
78 18 100
24 76 100
67 80 100
13 20 100
63 76 100
83 18 100
22 73 100
13 22 100
68 78 100
79 14 100
14 17 100
83 17 100
25 76 100
68 80 100
17 27 100
79 19 100
24 75 100
10 13 100
63 79 100
86 15 100
15 24 100
61 77 100
66 78 100
81 13 100
12 25 100
10 14 100
66 76 100
85 17 100
30 75 100
86 13 100
15 28 100
91 92 100
28 73 100
81 13 100
88 89 100
11 11 100
21 77 100
81 17 100
16 35 100
88 88 100
85 15 100
6 13 100
39 79 100
89 93 100
17 78 100
7 9 100
87 15 100
92 96 100
22 69 100
86 12 100
9 9 100
97 94 100
18 78 100
81 17 100
97 95 100
14 78 100
10 11 100
84 10 100
35 79 100
5 9 100
91 94 100
81 16 100
93 92 100
25 66 100
3 8 100
93 97 100
80 16 100
23 67 100
6 11 100
84 11 100
37 79 100
97 92 100
7 11 100
13 83 100
96 93 100
80 16 100
13 81 100
82 11 100
4 6 100
94 92 100
32 66 100
86 14 100
92 98 100
5 5 100
12 81 100
84 12 100
94 93 100
2 7 100
28 63 100
86 13 100
36 74 100
4 8 100
98 91 100
8 83 100
79 14 100
3 5 100
90 95 100
8 85 100
87 10 100
29 65 100
96 91 100
4 4 100
78 17 100
1 4 100
36 72 100
96 91 100
95 93 100
85 11 100
7 85 100
3 4 100
79 16 100
26 64 100
89 8 100
9 85 100
90 96 100
4 3 100
88 7 100
91 95 100
33 62 100
3 4 100
9 88 100
90 97 100
92 7 100
2 5 100
35 71 100
94 6 100
90 98 100
2 96 100
3 3 100
1 3 100
78 23 100
95 97 100
31 61 100
99 95 100
93 5 100
7 87 100
1 96 100
93 95 100
76 15 100
98 92 100
27 64 100
3 6 100
99 98 100
87 7 100
4 3 100
2 92 100
78 21 100
95 94 100
