100
87
12 40 36 22 30 83 90 43 64 51 95 69 43 28 12 6 8 82 63 40 91 99 80 5 50 34 4 94 70 37 40 4 92 89 99 4 57 46 31 55 42 40 93 72 23 60 58 69 11 100 77 5 25 22 97 18 73 33 4 83 58 15 31 41 38 82 34 52 4 18 44 63 15 53 69 22 5 59 41 66 44 30 46 27 54 3 91
95
58 80 14 64 20 35 16 59 96 1 71 47 34 87 38 36 59 60 100 43 71 78 62 93 18 70 83 96 15 68 96 67 13 93 12 37 99 69 28 22 99 12 56 71 13 99 51 4 11 66 24 23 75 1 5 1 27 89 66 46 68 65 1 42 57 58 15 23 61 37 47 75 58 44 85 31 97 3 12 46 16 65 26 27 56 52 70 63 67 56 46 52 14 75 25
75
13 23 37 75 98 87 26 15 61 86 59 68 93 21 65 71 18 81 8 47 59 73 11 98 37 98 90 52 31 40 68 56 28 32 6 49 31 9 69 19 42 57 31 99 43 30 14 5 94 99 77 15 61 18 64 35 67 87 30 88 12 30 80 38 21 77 31 86 7 89 31 38 100 50 71
52
83 51 82 41 29 51 53 49 5 37 50 49 63 89 9 93 55 24 100 82 63 99 36 83 8 89 93 57 23 37 49 42 15 78 91 7 23 88 77 73 93 60 48 27 21 35 88 45 11 20 37 19
27
26 54 61 66 52 45 69 24 50 4 30 15 95 69 81 87 20 99 96 13 9 23 58 11 97 78 33
97
33 3 18 91 23 44 93 77 89 9 66 96 51 69 89 68 85 80 80 46 64 5 93 21 88 27 99 53 3 9 11 46 71 92 1 38 4 9 35 77 90 7 50 88 7 31 40 41 48 58 32 59 30 53 50 61 24 39 72 22 1 44 77 23 93 75 27 68 22 7 65 96 64 90 1 4 34 79 53 40 47 92 86 71 19 61 12 79 32 50 39 41 78 61 59 41 66
69
69 58 12 51 99 66 65 69 19 39 57 66 25 59 7 69 83 61 12 24 9 3 83 21 74 1 77 9 4 95 62 74 37 44 24 37 99 32 42 85 35 93 26 40 70 22 55 48 4 73 76 34 99 42 32 54 51 88 48 48 63 10 61 74 62 28 57 72 25
77
74 19 57 99 71 60 59 46 34 30 35 14 84 52 9 58 4 29 15 88 94 28 26 60 25 14 41 5 97 95 14 26 23 76 24 24 90 97 22 63 21 53 91 78 80 26 51 12 26 29 74 80 17 59 11 99 57 59 9 42 61 30 3 67 74 82 85 6 71 37 9 80 36 11 56 46 52
69
21 91 40 26 42 45 51 36 60 5 31 54 74 83 46 97 68 20 40 17 6 74 37 12 90 33 23 85 39 73 43 51 69 57 97 76 85 1 56 95 95 10 37 54 70 52 48 30 79 80 23 45 16 91 18 83 32 46 74 94 39 49 81 46 100 48 69 81 11
81
69 66 73 12 32 29 49 1 13 65 72 53 98 58 16 9 63 78 54 75 52 5 52 20 84 83 4 98 34 52 36 38 66 31 97 39 2 12 80 53 29 43 67 89 60 51 32 51 15 97 58 34 81 64 90 45 68 98 9 19 64 91 89 81 66 3 40 64 68 41 18 27 55 100 14 1 33 55 14 34 67
87
100 35 3 48 50 59 96 37 27 95 88 15 5 93 87 63 67 54 97 2 39 41 87 37 41 48 17 12 88 29 66 26 28 1 25 6 17 14 78 11 12 53 44 92 52 97 1 32 7 11 92 36 82 64 5 92 6 33 77 25 79 39 29 60 65 71 75 54 93 5 7 79 82 87 42 69 45 18 34 5 56 77 19 49 41 96 76
64
31 18 76 5 60 95 82 86 63 60 64 90 32 1 10 43 36 57 40 87 88 88 64 90 38 66 41 34 36 59 3 80 80 38 82 62 82 8 95 29 32 48 67 48 85 44 35 60 40 50 39 4 68 67 42 81 44 16 89 92 85 58 70 93
16
89 91 61 9 79 86 92 22 52 69 82 49 16 100 30 19
10
87 94 76 3 59 9 19 90 83 36
38
48 63 55 3 19 12 59 33 39 44 98 52 90 68 58 64 77 93 63 4 17 48 59 33 45 14 48 45 88 51 31 24 60 58 86 70 18 50
53
14 51 84 70 15 95 73 36 61 99 24 18 17 49 97 54 59 27 91 54 58 79 84 28 58 9 97 92 13 97 9 5 65 10 28 37 47 92 23 3 24 49 81 89 6 65 27 67 57 2 55 71 30
72
43 23 75 2 79 27 5 49 37 42 32 68 34 45 68 47 74 60 40 30 50 10 49 44 23 84 82 29 10 21 73 68 68 57 50 70 54 35 44 13 37 86 84 91 54 84 49 46 2 64 87 9 38 53 96 90 29 57 98 17 32 18 7 32 42 73 65 14 6 61 34 9
81
30 2 17 59 21 55 65 29 4 17 75 90 86 2 52 76 25 76 77 30 94 38 7 83 39 13 58 6 13 32 55 13 38 37 92 28 31 60 86 83 96 54 1 68 30 89 53 9 33 32 65 97 76 48 83 58 4 95 58 70 62 12 27 99 86 59 35 76 1 64 4 86 16 88 67 28 63 79 45 1 19
22
36 54 23 63 16 84 32 41 91 1 37 29 33 86 10 6 42 76 87 6 39 100
77
63 17 51 65 49 82 49 87 74 84 84 19 77 88 92 91 77 27 91 14 100 97 73 91 63 40 35 45 12 55 8 56 78 49 98 96 7 21 49 23 39 61 44 99 56 26 43 37 65 30 74 86 4 16 75 87 75 15 23 37 99 19 9 2 79 36 46 29 92 83 30 73 85 93 60 38 94
90
14 33 45 48 70 3 54 55 37 51 29 89 58 80 60 71 34 46 44 78 43 96 3 95 40 43 57 49 44 13 63 58 9 62 96 96 52 48 84 93 50 11 63 18 64 35 82 48 22 99 66 12 33 5 85 72 61 43 81 24 12 80 70 25 74 90 94 55 68 44 75 10 64 67 5 21 40 91 95 3 79 71 58 85 29 1 21 29 40 50
90
73 15 21 78 27 43 7 26 73 4 87 50 65 38 11 96 63 50 47 49 73 54 30 14 51 12 76 69 76 50 76 8 69 84 94 85 60 19 74 30 42 92 92 71 87 99 15 20 62 88 38 55 16 100 35 26 72 54 88 43 53 80 64 99 59 9 55 97 88 63 63 11 28 2 33 78 68 79 17 83 51 53 27 19 89 100 26 64 77 75
72
70 72 58 98 17 100 71 6 84 21 37 73 21 99 77 64 75 36 74 46 89 35 86 71 22 77 40 57 30 54 2 68 95 61 5 76 98 54 8 66 68 81 73 85 16 1 28 49 4 54 73 5 65 95 9 36 81 11 64 84 90 77 65 3 41 61 51 97 66 13 89 38
26
53 96 29 26 29 68 48 74 56 70 52 79 24 5 29 62 30 91 97 64 24 46 36 11 29 36
53
21 97 53 11 74 67 15 38 28 14 17 39 33 42 59 27 94 74 56 27 71 1 37 63 35 95 47 32 82 63 42 4 62 49 57 9 72 61 97 43 62 69 32 32 11 33 21 69 36 26 46 18 90
34
60 47 17 29 66 34 79 97 64 98 78 13 22 58 13 68 89 89 62 21 18 31 52 8 86 18 26 70 36 75 39 38 64 15
7
23 79 62 54 58 99 51
83
15 80 22 98 71 94 60 94 81 7 27 63 26 71 64 7 29 89 38 77 34 34 25 77 34 29 57 80 95 15 51 80 99 27 35 99 46 32 83 87 66 89 31 23 42 49 28 36 64 21 34 10 31 5 34 22 52 10 73 75 92 67 97 43 14 44 54 7 79 85 68 38 67 39 35 63 77 99 87 65 58 28 63
85
89 73 67 17 81 69 95 52 8 76 7 90 90 19 30 32 9 100 97 44 68 85 6 98 78 75 4 66 16 64 19 82 62 26 61 90 100 7 65 59 13 77 28 44 72 13 15 1 62 58 5 56 92 69 42 90 26 40 31 13 81 35 25 23 34 94 94 13 8 81 38 72 84 92 17 83 64 4 57 58 65 49 19 10 61
91
62 30 88 9 73 100 39 88 80 60 16 33 60 61 86 92 83 60 89 26 74 16 36 33 71 24 35 65 31 83 65 10 99 32 64 56 92 70 13 51 26 24 66 92 25 57 24 97 69 79 100 20 81 82 62 36 92 69 70 40 88 13 96 41 81 85 40 56 46 24 57 56 83 4 63 13 3 1 42 58 48 71 89 56 48 26 52 5 12 78 42
22
18 24 5 62 1 45 76 38 55 36 21 63 92 44 19 35 84 36 18 41 34 86
60
71 13 69 89 45 93 83 31 75 45 29 89 45 74 15 19 71 76 16 2 84 93 12 17 5 69 81 83 6 2 66 25 78 86 51 1 9 17 52 44 43 100 19 41 30 88 100 34 28 19 74 66 92 43 68 39 80 67 65 44
52
55 21 27 45 71 78 35 94 74 85 77 33 92 33 52 73 57 99 47 18 34 33 9 47 5 33 90 38 67 17 22 60 22 94 96 54 47 75 64 39 68 89 80 35 37 31 96 22 94 37 95 62
37
78 27 42 31 79 35 36 11 13 81 50 20 13 57 23 29 43 6 56 11 52 48 10 29 87 24 52 17 45 42 49 22 74 15 14 59 1
94
57 40 81 54 32 9 81 93 33 32 76 92 29 70 46 45 84 54 67 29 76 60 81 8 55 10 38 87 62 26 10 91 73 61 86 77 91 82 3 67 30 90 18 48 69 50 62 92 26 25 26 51 96 4 9 47 62 3 52 62 87 42 76 80 91 34 90 24 62 6 4 35 51 36 73 48 68 43 91 6 100 38 21 96 22 73 65 86 58 19 46 64 30 15
5
60 67 56 96 88
19
97 10 65 69 78 60 6 47 50 91 85 59 87 30 52 21 2 42 59
20
88 28 30 35 35 8 55 70 2 39 18 89 23 72 92 8 25 56 46 60
3
50 91 88
5
1 43 18 83 43
48
5 69 1 90 28 94 39 1 12 41 82 59 68 94 21 32 74 100 63 41 72 84 5 15 56 3 15 18 14 14 63 14 35 99 91 36 36 59 97 43 12 13 3 91 11 73 9 60
27
89 55 36 50 57 5 44 54 36 95 69 65 93 11 71 24 79 54 22 50 34 31 11 93 59 35 21
83
55 11 10 30 78 60 30 30 49 8 25 26 6 32 49 33 71 7 57 27 64 96 57 62 15 96 88 64 2 13 15 82 68 41 55 19 20 33 28 58 3 76 32 94 20 96 4 5 7 53 39 71 67 100 95 3 5 78 15 47 73 9 18 33 21 10 83 45 53 31 29 94 70 71 78 69 2 81 63 68 17 34 17
52
33 55 24 74 86 32 7 96 75 31 44 24 98 10 10 80 94 66 4 32 42 55 64 81 33 79 37 66 11 40 13 50 54 83 81 8 32 51 86 48 16 92 59 9 3 85 58 69 94 100 37 59
12
51 19 51 25 60 68 41 29 65 21 87 5
68
20 64 99 45 21 68 40 57 67 48 13 16 89 57 46 30 30 34 58 66 96 81 94 69 15 79 32 14 42 10 49 89 83 38 6 12 96 14 14 36 48 55 18 94 44 46 21 94 76 7 18 81 81 92 13 51 13 32 30 89 36 99 4 20 77 92 12 74
52
60 51 58 79 25 12 96 54 52 25 15 38 89 49 33 87 82 12 16 44 78 85 85 25 61 74 30 25 62 41 97 94 49 43 23 15 53 22 22 71 92 87 78 32 40 41 80 55 89 6 5 97
18
40 68 91 82 24 16 59 47 97 11 67 82 41 21 36 39 26 95
42
30 89 66 77 44 3 62 88 43 8 51 19 19 82 43 74 68 37 49 18 74 44 94 55 78 97 54 58 82 16 48 1 9 76 55 24 34 60 75 71 93 40
75
97 2 78 79 43 90 47 13 42 83 77 3 51 43 92 42 29 77 48 2 13 53 8 45 96 16 23 39 81 51 18 29 88 67 21 23 24 99 99 64 83 8 30 21 75 85 70 95 66 72 75 97 18 98 69 60 1 77 20 6 3 24 69 13 64 2 96 32 19 76 78 25 87 57 10
41
12 22 61 13 12 78 71 8 28 26 24 36 18 21 96 88 60 91 44 63 72 85 14 99 41 30 8 75 33 91 16 25 37 26 80 59 77 72 22 82 38
62
89 3 12 31 71 100 35 14 95 85 38 39 86 96 44 66 4 41 69 43 36 45 26 42 72 45 73 21 74 26 10 3 21 91 32 76 68 95 33 53 18 18 11 19 49 13 7 93 14 9 44 84 38 66 36 5 95 72 11 47 57 44
13
76 9 90 30 92 6 88 86 19 76 52 62 99
68
36 82 79 93 26 18 38 70 100 5 26 81 64 54 4 74 20 21 61 27 17 67 74 89 100 54 24 41 77 35 64 78 100 55 74 5 11 86 81 16 40 87 5 20 11 94 100 11 58 67 90 74 88 13 14 5 97 29 91 93 91 84 15 46 28 14 88 87
34
61 21 50 60 14 16 40 15 57 92 43 78 94 58 62 53 78 24 3 10 81 62 15 57 62 7 60 7 37 7 95 2 6 17
49
30 9 63 100 95 73 100 60 53 57 40 40 93 44 55 85 60 69 13 56 96 70 30 25 91 74 18 65 85 44 34 40 8 84 30 2 3 42 96 5 33 30 27 5 5 62 23 6 61
39
87 95 62 92 46 50 97 82 99 75 14 27 29 93 82 70 54 4 48 9 34 78 29 71 23 2 98 19 75 68 40 36 13 36 61 68 51 60 45
24
82 59 64 49 52 79 74 59 18 10 3 36 27 17 34 27 87 15 81 41 99 90 49 70
80
96 74 40 77 11 66 71 86 45 85 80 44 37 5 61 12 67 35 58 98 91 84 41 95 16 57 66 70 55 10 25 36 25 73 16 2 67 74 30 60 6 98 23 17 26 69 48 19 2 87 49 95 23 52 63 9 7 54 12 50 93 96 16 43 31 81 11 83 4 29 24 52 96 46 14 11 37 88 4 77
39
31 15 100 76 29 97 39 46 22 98 61 23 63 46 95 46 30 79 6 2 86 73 100 63 67 40 27 20 63 99 35 7 16 14 28 52 91 26 79
33
93 33 51 60 7 94 54 76 62 49 23 31 98 93 17 45 30 55 66 3 98 46 96 94 35 57 99 52 78 90 60 57 97
63
9 92 3 39 44 56 83 6 39 46 70 61 56 99 68 1 17 14 53 10 42 88 39 8 46 47 66 63 63 48 85 9 43 28 23 18 48 13 30 82 40 43 15 65 24 63 63 28 31 95 84 20 83 33 55 17 100 10 62 2 89 53 70
23
68 13 31 81 44 57 35 72 32 47 67 19 63 77 57 74 79 52 100 53 3 99 16
3
39 57 73
89
45 2 18 92 72 1 96 49 20 80 67 87 75 37 95 100 76 12 36 15 39 55 64 60 82 77 76 3 68 87 43 76 13 54 36 75 93 90 10 93 5 27 51 17 99 78 6 96 73 46 29 20 72 57 33 33 39 41 97 82 8 43 82 78 14 88 12 33 69 79 21 55 11 84 41 38 32 69 32 17 98 99 57 56 79 60 36 90 36
16
56 10 81 33 9 45 55 16 73 77 96 88 96 6 26 18
96
22 99 15 15 20 64 14 26 51 28 60 1 92 11 100 94 1 22 22 67 23 11 82 38 4 20 40 27 73 7 71 36 89 56 39 23 42 45 24 52 96 68 75 72 1 17 29 91 60 7 95 93 89 61 40 4 38 89 92 25 74 39 13 56 86 55 58 8 4 63 99 17 72 90 53 68 100 46 33 36 13 83 49 88 12 4 18 88 85 52 100 43 17 79 36 6
41
38 43 76 47 11 83 49 18 7 51 86 30 62 58 57 69 94 68 62 85 38 82 28 50 78 34 84 83 11 43 28 71 69 12 8 73 27 81 19 77 57
20
46 82 21 10 35 20 10 49 95 40 12 62 29 22 76 24 57 83 82 12
38
11 3 59 13 65 79 83 55 65 48 22 22 27 42 9 21 11 30 61 38 12 18 56 64 67 97 91 81 47 76 85 16 59 86 33 76 61 16
60
65 3 34 10 93 67 5 67 46 59 21 4 75 58 67 64 74 20 43 89 58 41 32 74 81 74 13 26 39 66 31 9 54 29 41 13 12 83 78 79 34 45 31 6 35 31 20 99 50 70 20 5 26 30 48 81 87 69 97 58
54
95 35 52 53 2 24 86 86 100 56 80 50 10 81 75 80 82 67 5 48 50 59 35 74 47 79 99 41 99 19 28 51 84 55 16 18 18 55 88 11 86 63 84 94 26 84 36 53 9 18 7 87 11 79
75
48 50 95 3 15 46 69 6 49 17 31 62 60 58 55 44 19 69 73 29 42 16 21 3 86 69 46 58 1 74 84 7 14 97 15 75 7 13 93 84 85 44 77 38 76 68 15 100 28 5 34 31 11 79 29 80 97 90 71 10 83 69 21 67 2 33 80 19 4 74 6 8 95 76 100
46
8 44 74 28 95 4 45 4 41 89 23 95 23 41 83 97 93 79 16 31 39 59 26 39 72 15 74 35 84 38 63 87 91 83 45 33 54 62 64 23 38 29 51 37 24 44
23
89 13 16 23 2 20 25 16 33 69 49 55 91 24 51 65 22 89 51 69 28 76 42
47
23 72 32 69 6 97 64 58 65 61 30 87 91 51 26 92 50 34 68 21 32 47 78 93 88 63 12 31 60 77 47 22 69 59 22 26 74 33 83 66 63 2 58 76 75 42 40
29
53 67 42 99 81 43 4 49 27 10 22 54 55 93 94 79 61 40 49 64 51 100 100 62 66 53 86 11 13
3
31 97 57
38
71 11 73 88 74 81 36 44 14 35 10 79 28 21 3 47 66 75 53 9 34 6 4 75 51 96 30 42 94 53 61 2 19 79 60 68 94 87
11
52 84 12 28 82 55 12 6 25 26 75
11
34 38 2 39 30 96 95 68 24 100 85
100
78 66 12 100 61 19 86 19 100 74 59 29 7 30 82 10 23 72 73 36 66 12 22 28 39 69 46 91 61 44 12 73 49 2 64 68 44 61 2 85 87 65 52 28 77 24 33 88 68 55 23 58 55 38 23 61 16 67 80 80 85 5 78 27 45 6 84 4 41 16 34 100 42 19 66 91 32 9 88 13 29 10 40 96 52 84 49 34 6 74 1 51 55 9 34 27 39 59 66 5
70
31 3 11 95 64 69 89 32 46 49 49 40 62 23 44 55 41 67 66 14 24 5 29 97 61 54 99 70 94 43 4 73 69 62 11 36 97 97 51 29 1 79 68 13 82 47 42 57 43 8 89 57 67 27 74 41 90 81 65 49 35 89 40 94 51 57 89 30 27 57
58
64 78 81 82 4 5 45 86 71 86 42 67 10 90 17 86 17 54 77 26 73 46 48 28 19 29 5 57 16 87 52 43 51 27 46 92 24 28 86 39 13 72 42 11 98 15 5 82 62 71 48 56 83 3 46 20 61 43
35
41 38 26 32 55 33 34 38 88 12 10 43 58 13 83 16 66 18 95 32 59 78 70 8 61 33 39 50 36 32 67 46 25 33 69
69
65 94 2 38 100 9 33 10 59 76 43 17 14 57 39 94 32 18 13 66 23 34 80 62 39 9 40 84 11 71 23 67 77 76 28 61 55 7 2 51 89 65 18 11 10 17 67 88 9 85 38 91 31 71 14 32 87 81 24 72 32 35 67 91 9 68 46 99 50
51
68 80 72 76 5 7 89 53 48 29 54 98 50 80 96 89 96 33 1 77 77 55 15 22 4 7 93 23 28 57 11 29 83 67 86 45 7 1 46 15 50 45 75 22 80 63 94 56 11 37 90
18
55 77 86 85 99 31 26 14 58 54 28 4 90 1 66 81 63 41
31
80 97 68 83 24 50 41 74 49 56 54 10 82 92 19 37 85 67 86 75 35 13 85 15 55 29 70 66 1 94 79
28
96 38 95 64 7 88 8 55 76 38 99 79 3 19 67 5 55 64 14 81 13 67 54 92 40 81 91 56
89
81 18 64 50 35 94 96 60 10 18 34 58 76 16 48 61 1 77 39 73 54 43 16 79 97 56 81 68 65 49 51 32 30 63 52 8 39 85 34 30 4 42 14 97 68 29 69 88 76 76 78 85 79 26 54 35 54 53 63 67 68 94 9 57 38 85 36 92 5 27 39 63 20 18 83 90 31 73 51 88 27 59 95 58 96 100 76 50 37
84
88 33 16 14 21 89 34 77 25 53 95 55 100 41 83 11 35 16 19 41 26 40 19 46 98 65 7 30 54 22 86 64 98 71 18 38 14 78 22 95 79 1 3 35 13 9 40 2 54 66 24 64 69 77 35 71 18 86 95 69 78 47 45 73 80 73 91 89 50 23 20 92 31 65 56 42 17 14 88 97 18 59 16 64
25
26 19 92 63 43 63 70 5 88 24 7 16 7 75 99 33 6 5 53 54 40 63 12 62 7
34
23 26 24 7 45 45 59 22 18 56 81 66 4 55 35 89 27 70 97 81 68 33 53 56 98 18 98 17 10 92 75 17 22 100
83
81 53 22 31 49 21 66 3 45 52 79 94 7 32 19 52 38 39 4 73 94 27 69 49 84 42 88 56 28 50 53 92 71 93 76 10 5 30 42 19 32 33 95 77 65 45 89 69 44 79 27 82 26 69 10 12 53 79 4 55 34 20 78 7 38 71 46 86 59 71 87 5 78 100 93 35 92 77 38 45 89 19 55
76
36 40 70 58 80 55 66 100 11 64 58 96 40 1 92 52 62 15 97 54 81 6 31 46 42 31 57 36 80 1 37 65 78 63 23 53 59 43 57 93 81 98 92 47 71 43 2 20 52 29 96 94 35 64 90 71 45 59 78 74 88 31 30 26 32 21 94 75 1 46 22 14 70 25 49 16
82
47 86 84 33 25 46 81 7 7 33 56 65 64 12 61 42 73 90 23 76 55 45 88 83 60 1 57 76 42 4 89 54 33 90 12 89 7 91 87 55 15 57 37 49 47 70 38 37 19 32 44 20 9 72 96 2 80 71 26 39 12 21 89 11 100 13 41 87 22 22 19 32 43 49 61 13 19 16 36 59 85 57
10
76 7 62 26 48 92 71 34 10 21
92
33 83 46 9 40 13 36 44 46 39 83 61 64 32 93 16 1 10 15 55 5 45 53 81 21 58 91 94 40 2 77 64 48 76 71 56 67 84 5 19 25 73 15 44 90 92 22 64 40 73 76 16 78 75 26 11 62 3 75 98 98 27 26 61 64 42 46 67 15 17 4 58 32 86 7 17 70 84 41 9 43 37 44 35 94 90 48 94 55 87 83 7
53
54 21 69 56 85 95 81 62 43 17 10 3 46 2 62 35 28 100 43 27 66 74 58 90 70 53 18 58 68 5 45 63 79 79 28 86 37 30 70 53 78 40 67 49 65 98 67 99 54 100 48 49 59
