100
17
10 21 23 3 24 14 27 21 27 29 29 19 4 3 1 29 20
19
1 11 21 3 24 4 23 22 4 26 6 9 14 10 21 23 5 9 20
17
26 19 9 27 20 21 14 9 12 21 10 12 24 14 16 26 13
11
23 3 21 10 1 19 23 20 23 10 2
14
4 2 20 11 30 23 5 19 9 10 17 28 12 27
24
2 17 22 29 10 2 2 7 3 16 16 23 14 18 7 29 28 21 14 29 4 27 26 15
24
13 18 14 18 5 4 12 5 12 27 11 15 17 12 14 10 9 6 29 23 3 29 10 17
27
1 3 5 12 30 4 2 9 15 20 21 8 30 28 26 9 29 15 11 9 3 3 6 27 30 11 21
24
9 28 15 20 14 1 26 19 27 17 21 12 28 22 2 27 26 19 16 11 11 7 13 20
9
19 17 27 17 17 11 9 15 14
9
23 20 27 25 2 13 8 19 27
18
6 21 24 4 25 18 8 9 6 9 7 11 10 28 7 20 7 16
20
6 17 4 17 18 29 12 4 18 27 12 6 7 16 7 18 23 13 4 18
17
13 20 25 11 13 29 22 16 17 6 16 9 23 29 27 26 28
16
14 16 7 19 19 27 4 12 25 14 15 24 6 6 3 24
14
23 10 23 29 26 19 24 22 19 25 10 1 16 28
22
20 8 14 23 8 1 6 1 14 6 1 2 23 16 22 21 2 8 30 6 20 8
8
15 12 30 14 1 13 15 25
8
16 11 10 10 12 10 12 6
28
14 21 3 13 10 16 29 28 3 8 8 20 26 1 13 24 18 27 3 13 4 29 1 2 30 2 14 30
30
8 18 3 22 22 8 28 10 9 26 10 20 1 6 22 6 8 23 10 23 11 18 14 6 17 17 1 13 3 1
8
24 5 27 10 2 13 29 25
18
20 30 17 29 7 6 21 10 12 11 4 23 16 5 15 30 25 11
16
15 10 1 1 8 18 17 4 7 28 10 14 5 13 13 12
19
22 30 11 17 27 19 19 14 27 21 7 23 23 9 26 23 2 3 13
15
18 10 6 19 10 8 25 25 5 1 2 29 14 20 20
23
8 18 23 30 5 30 25 1 1 2 28 27 17 18 26 15 27 18 29 9 8 3 19
13
18 15 16 27 3 30 7 5 21 24 9 12 25
9
6 1 9 16 6 20 12 27 5
11
6 28 25 8 9 4 6 23 3 25 28
6
22 6 15 28 3 19
11
5 20 25 9 17 20 20 27 19 15 29
18
22 19 25 18 18 8 5 7 7 5 14 12 16 17 5 7 18 13
8
2 30 9 25 2 26 5 1
17
27 28 13 22 2 4 26 6 11 13 19 25 19 14 16 15 12
4
28 14 14 27
23
20 19 5 30 14 24 20 19 20 4 27 13 5 27 27 26 25 24 21 14 24 12 22
28
7 19 22 28 7 11 23 29 28 6 5 14 29 16 20 21 29 12 7 4 26 23 24 28 8 2 7 7
9
25 17 29 22 2 16 16 14 16
19
13 20 19 25 10 15 7 10 26 18 1 6 9 5 12 5 11 2 4
21
5 30 23 8 23 14 18 17 29 10 30 13 28 11 26 24 6 24 11 6 3
23
27 12 10 17 23 14 18 19 6 30 27 14 21 8 19 5 3 13 9 19 15 10 28
22
10 25 26 28 2 15 10 7 7 5 8 13 17 16 2 16 3 4 19 23 30 17
6
21 22 16 25 8 28
20
16 15 7 15 6 19 20 22 10 8 10 5 9 16 30 1 6 19 14 14
7
4 21 29 27 27 15 4
20
17 1 19 16 16 27 24 16 21 25 15 13 16 5 16 24 28 27 22 28
24
10 8 2 23 4 23 29 14 28 8 27 28 7 20 21 19 19 23 14 30 2 29 15 22
30
30 15 26 25 15 20 7 15 29 8 13 20 7 4 21 5 18 3 22 18 4 15 19 26 10 11 18 13 3 12
11
1 17 25 4 16 5 11 5 15 22 26
5
12 2 11 17 17
8
2 11 13 9 27 14 5 28
12
18 3 2 30 11 6 7 12 28 24 7 20
29
9 22 5 26 8 12 8 27 16 20 29 24 10 19 1 5 21 27 22 16 17 23 30 25 5 23 2 12 10
18
26 14 19 22 24 13 14 6 16 4 1 23 19 16 18 22 26 3
14
19 15 6 7 10 24 16 1 5 8 23 13 6 10
30
10 7 16 13 16 13 30 7 22 14 25 9 23 28 12 9 1 13 18 7 20 4 16 19 22 2 12 3 5 13
23
26 27 15 27 21 5 2 27 10 13 17 13 26 16 7 12 11 22 5 15 1 4 23
3
30 15 13
7
22 5 5 19 15 21 22
11
8 30 5 17 11 22 1 25 30 25 24
12
19 14 18 9 30 13 21 17 15 16 21 16
27
4 6 4 24 20 23 20 20 1 1 22 22 18 18 10 13 2 13 18 10 23 4 7 12 4 30 19
17
7 17 10 13 22 10 13 25 25 22 17 17 16 3 28 18 27
11
29 24 1 29 11 22 27 22 27 27 8
7
23 9 1 15 17 10 9
12
13 21 24 17 25 19 10 10 25 10 23 29
24
12 21 3 23 24 22 20 20 18 23 25 7 28 28 17 27 28 18 4 11 9 5 5 18
17
12 5 4 24 28 16 1 14 19 12 22 28 6 4 23 28 21
26
25 19 29 5 8 8 1 2 8 21 7 27 13 22 5 1 15 22 4 21 19 5 21 28 13 10
4
11 4 29 29
22
27 12 24 7 15 1 6 4 20 1 6 19 12 7 12 22 22 7 10 23 12 4
3
8 26 16
20
9 14 24 9 23 3 15 26 27 25 16 19 24 20 24 27 6 25 24 22
25
10 8 12 4 10 9 30 25 24 16 20 25 18 18 15 7 27 12 30 3 28 6 29 1 18
14
3 1 18 27 15 25 23 13 19 3 2 25 8 30
9
24 5 13 1 19 16 8 22 23
20
26 17 29 30 5 28 29 14 30 14 26 27 11 23 27 5 21 17 29 17
6
22 27 11 21 23 25
16
21 30 30 6 18 10 6 7 30 18 15 23 26 9 1 25
28
7 1 15 12 9 15 27 4 28 8 3 27 10 30 6 17 10 30 15 17 19 23 21 17 25 16 25 12
30
15 5 11 25 3 4 1 25 2 11 5 8 21 30 5 11 24 18 2 21 7 10 29 5 8 16 27 10 18 24
3
18 10 13
3
9 18 26
26
11 8 17 7 26 15 23 24 24 1 7 16 11 27 13 18 17 18 9 11 2 7 7 15 16 22
16
4 11 27 29 12 5 10 1 6 25 20 25 23 18 19 1
8
15 8 1 11 24 29 18 5
16
30 21 29 29 4 3 12 7 10 14 16 18 25 17 25 27
26
4 12 13 19 16 11 4 16 21 9 21 21 14 12 9 9 20 3 25 19 17 29 1 26 18 2
24
21 15 2 10 17 9 4 13 6 21 22 3 4 20 18 23 1 1 16 9 25 30 25 2
17
4 29 16 30 8 19 28 22 2 20 20 22 24 27 6 21 25
20
21 4 29 29 18 29 17 29 7 28 3 28 28 17 5 26 16 23 28 26
12
19 27 2 19 9 2 27 12 19 22 20 22
12
12 4 22 24 30 17 5 5 23 28 21 17
16
10 7 26 24 6 10 26 13 8 27 20 6 21 25 24 9
15
9 5 12 30 18 3 17 26 7 24 14 26 23 19 14
26
22 16 2 28 26 21 15 17 24 15 5 7 14 2 25 12 20 21 1 25 30 7 28 23 13 7
11
16 1 15 27 21 20 5 1 2 13 29
4
19 16 12 2
15
16 24 18 15 27 27 5 12 28 3 25 27 29 20 18
