50 50 8
51712137878400277634512486469763664401586202257075
86140853900379765099495465883665269948432673906956
88302834839263240579942774912469122727681954855854
20784680928849727319697341749144561504972024164182
44175440599945440180534804183675406514159332858879
53180180242358227481434059611524603979603759555658
13104481292242210310164073153796122211011224435559
79660250409793135363114010421615697376632234937128
61969771947038211355577206350883519541906325089484
59158929600999548400608253159044651165959382437415
91235190129776910653054577136600735639730487402133
97650638411875602791302645710048668228508044698216
45919630821143854857447074187993055554752780307867
46742821325159516099626237114876446695586744772848
70504359768519577854619450547569577153677693575457
85097660919529572555380987533718635148629059027600
04952343736677743701751199672506909638880546643452
81970982163712851096317721742894207525698700344972
61343241686853900317781543934321595611780589496111
13431229965112722658493471795827015183285885940543
14590187995003748246887290860898284968339704998821
81575423699749987196747658707730499510428943464274
31094061535808533806461771917438626632779114398144
75539101973812770530607588235137047004966785185111
64952960899920305432128199998728022264287257755343
25571506951962759257488033452564539565709961371924
59772858101658518282373130222369937483934066209273
97687764191485488718507908913172179679041768831465
55766033501353150768075844912194499133587156328725
62163946202847021532744514520376153216080243044788
67859997586974259803726820467123242049744784046453
70058448130046551379500288805818259625924692032375
69683142671053943081759150253703640817492319228451
96068295049564580827886448724545131519899824345854
68681167951221647521622242457246925104129859007928
83659134675589828359960524215740337831717957862672
56819368959748518100379051227229483073572291570485
41200789617147778558155923514247979631501464936219
57322348929253037330501526693582855589876275041767
92914318290868336753567395551203783617240043814437
65124783177367927461727200661552113505607043619031
24347223738895779715454119288206166327540336381060
63266672435253148580708981965080553856917895714017
64058846613702980173301471099485692647867754147737
16893266403282607242435554670501770634247711110012
36887634192247084151126320440316573798952366810816
48530021560994740730772718847138287027926412559446
08172729505937126705957504810174902473327953537641
95335141080511655809935178567547166508728029668566
18593921789056312078865187359540962972072407779171

