50 50 2500 11 49
##################################################
#####...#############.############################
#####.#.#############.####################......##
#####.#.#############.####################.####..#
#####......##########......###############.#######
#####...##.###############.###############.#######
#####....#.#......########.##############........#
#####........####.########.#################.###.#
#####.#..#.######.########.......................#
#####......######.########.###.#############.##..#
#####.##.......................#############.##..#
#####.##...##........#...........###########.##..#
#####.##...#....##.#....................####.#...#
#####..#............##...#...####.####.......#...#
#####........##.##...#...#.....##.####..........##
#####.##..#....................##..............###
#####.##...........#......................########
#####.##.........#.#..........###.#........#######
#.###.....#........#..........###.#........#######
#..#####.##...................###.........########
#............#...#............###.#.####..########
#.........................................########
#.##.##.#............#.........##.#.##############
#.....................................############
#.##.##..........#............##..################
#.##.##................................###########
#.##.#.............................###############
#.............................####...#############
#.#................#..........######.#############
####...............#..........######.########.####
####...................#.#....######.########.####
####.........#........##......######.##....##.####
##...................###.#....######.......##....#
##...........##................#####..###.###.####
##.#...........#.#.#.#####.#...#####..###.###.####
#.....................................###.###.####
##.##..............#######.#.#.#####...........###
##........#.#.############.#.#.#####...........###
#.............############.#.#.#####..###.##...###
##.###....################.#...#####.####.##.....#
##.............###########.....#####.........#####
##.##..#.#################..........########.#####
##.##....#################.##..####.########.#####
##.##.####################.....####.########.#####
#####.########################.####.##############
#####.########################.####.##############
##############################.####.##############
##############################.####.##############
##############################.####.##############
##################################################
580
29 37 7826 82
39 2 59756 34
46 36 86933 98
29 14 50677 18
19 14 61179 86
26 24 53259 72
10 18 47872 54
16 29 40271 8
15 19 23325 30
31 19 72877 48
38 47 80913 49
39 38 67910 77
2 7 94261 36
3 8 25041 81
36 36 50383 25
33 17 11628 39
4 22 19261 91
22 6 42585 10
39 4 74892 30
33 7 57837 52
40 8 84713 53
4 49 92257 40
34 10 45952 11
9 34 42628 9
41 43 85762 6
45 36 14933 52
29 11 81384 1
35 31 36391 77
35 11 4045 7
11 24 35596 13
18 25 76351 91
16 13 17777 65
27 12 1201 20
25 29 5068 71
22 34 2946 70
12 19 74541 90
33 28 8501 12
23 28 12498 26
37 43 80674 42
38 5 55414 56
26 2 65002 35
37 38 73984 14
13 6 27484 15
41 42 69738 90
24 28 81289 29
21 26 62649 41
37 46 73900 93
45 6 76752 56
37 8 90670 48
27 30 59165 34
9 36 83151 32
24 15 52413 39
31 9 47971 15
30 10 77904 53
40 45 60655 20
12 45 43366 13
6 7 20653 61
17 31 92843 19
31 10 20022 86
19 42 46106 26
17 39 31698 45
28 27 40618 77
19 16 43853 100
22 31 83791 41
20 15 24576 12
35 38 37778 65
25 21 37327 100
11 19 30414 60
41 6 34388 77
19 40 6583 40
27 25 75133 75
17 19 44358 35
36 18 89705 65
30 19 66069 71
29 15 81996 43
27 9 4433 42
40 7 62945 85
24 12 55440 88
11 13 60897 67
22 23 7019 98
21 19 74450 2
28 29 70741 83
11 9 62944 11
33 4 96145 4
26 14 96946 62
22 26 10294 92
29 5 76211 12
31 16 470 45
11 30 15335 4
23 5 69771 31
22 42 59028 39
16 46 15949 76
17 42 31192 42
19 8 26225 74
24 14 33452 70
31 14 15509 45
16 43 81697 68
24 20 85295 81
22 13 70988 51
16 31 84499 25
33 30 91566 12
9 48 83000 85
30 9 1644 88
19 24 98852 96
35 42 35480 81
32 18 38966 71
20 16 17572 94
21 7 35144 78
29 23 25380 69
30 7 19094 73
34 3 36594 33
30 23 70410 51
5 24 88619 7
15 11 32470 56
41 12 74831 34
38 10 95906 94
12 23 93994 43
24 17 71491 89
17 17 42607 19
35 37 76418 87
26 38 66684 39
28 9 51224 22
20 27 93907 50
24 34 89742 73
27 35 71470 81
25 26 8944 67
19 43 21107 82
38 39 57227 0
28 26 89073 53
27 2 12671 0
34 9 95962 81
39 42 6584 6
15 20 62405 26
28 28 70719 80
21 16 18707 20
36 7 32889 12
11 26 17326 16
14 25 51795 87
15 31 19502 25
31 13 88776 50
27 26 52019 40
36 34 58944 72
14 19 7401 94
34 42 51489 89
36 13 92546 28
33 29 1795 42
20 30 56916 23
16 19 96110 66
9 45 98409 50
36 8 72649 38
24 22 71893 46
42 35 45492 13
36 14 26667 40
22 4 80332 66
29 21 82363 36
6 6 23156 71
20 40 62390 19
30 11 42719 18
27 31 1611 24
24 18 4763 13
17 13 8400 61
11 16 13275 95
32 5 64526 19
21 34 81400 53
18 29 20557 39
4 43 31162 20
29 22 89183 98
23 11 34105 76
21 29 46752 44
21 15 69302 53
41 39 79539 50
35 5 4764 60
19 29 53367 9
33 3 25147 43
21 6 15783 21
19 13 18975 94
15 8 15266 35
20 20 2146 65
28 4 13849 9
33 25 4697 65
22 39 14713 15
17 35 73643 86
22 28 43352 24
26 13 33510 70
24 19 11394 62
10 8 13278 60
37 7 67676 43
21 9 54854 88
18 39 5348 42
16 38 24856 70
31 7 45524 79
26 16 20365 92
8 18 22026 83
14 49 82792 33
31 29 18496 69
9 40 2461 90
28 25 63745 73
22 18 30104 100
7 8 84004 17
26 10 95511 90
18 14 63456 1
17 6 46641 39
26 21 56739 58
36 25 53461 42
33 5 41775 83
16 37 66504 15
5 25 47971 21
6 27 53289 91
22 10 89819 32
27 16 14547 81
13 15 88423 96
39 5 67212 58
43 45 82443 62
22 21 50326 62
27 5 33403 51
19 17 81654 48
29 12 70814 74
28 20 18357 20
37 13 85319 72
36 33 78113 67
39 31 40858 3
11 27 7385 46
22 2 75283 100
46 31 75979 82
28 19 57897 39
12 30 4084 83
26 12 91683 19
43 7 80769 82
22 27 30667 58
36 35 72904 73
23 36 98067 27
33 43 59182 14
21 11 43419 82
32 43 46117 13
28 22 55035 8
24 13 38896 72
38 42 34836 45
9 29 74682 39
32 22 17289 5
36 24 38989 50
32 17 65217 13
14 20 79342 19
47 36 25804 4
11 25 22046 62
27 19 54813 52
18 27 29901 66
24 30 91879 40
37 39 30360 50
44 6 6450 96
33 37 70481 11
11 31 81283 58
23 19 65872 57
15 25 95978 54
43 3 6309 13
29 9 18993 84
33 42 41367 31
25 13 64701 90
12 33 28455 39
42 3 78275 61
17 10 93532 37
37 10 83251 72
11 6 38135 38
12 27 70103 59
41 44 52752 5
36 17 21400 80
11 22 69531 96
37 16 12885 95
11 18 59940 35
40 47 21206 97
13 23 2640 95
14 42 26160 78
41 29 12293 31
13 29 25477 52
11 29 45031 33
49 36 62763 34
16 23 54032 51
26 26 19231 50
38 6 43339 30
26 37 78545 58
29 26 10364 62
39 29 1293 85
18 10 22325 38
32 42 20800 35
23 23 61187 19
34 6 84537 48
24 23 59331 34
15 34 45236 74
20 41 61685 3
37 37 26562 85
39 27 85053 18
38 8 46881 46
36 42 79927 14
17 24 15690 55
22 32 88696 32
22 25 48454 47
24 33 53267 29
30 6 72848 96
27 7 8246 56
39 37 82273 16
29 4 79938 93
22 17 51493 74
40 3 97959 95
7 18 51574 30
25 14 29568 5
28 23 33534 65
12 28 7501 97
31 18 9689 65
42 32 9384 7
25 25 72222 47
36 19 56846 35
41 7 85933 44
26 30 34425 29
16 47 31967 1
18 34 3250 36
19 25 27309 26
33 20 90966 21
19 9 93903 43
41 8 71966 99
20 29 24496 42
21 23 19132 8
34 28 85879 39
18 38 21917 1
19 26 94091 40
31 8 95534 14
39 13 6919 79
41 37 32338 91
18 15 17361 38
27 24 58054 63
24 31 42240 6
32 10 97353 25
16 20 71988 71
37 6 57252 5
28 37 73739 18
26 5 14777 63
33 14 37044 67
21 30 34732 19
3 47 53721 62
9 39 64958 82
26 23 32256 66
14 48 8072 56
10 9 13697 25
26 35 71223 21
25 17 5667 30
21 17 63222 83
23 26 52733 48
33 27 60608 36
22 14 90730 55
21 12 77276 62
21 13 99016 49
23 29 85314 54
34 26 73011 12
18 24 76496 90
30 37 83476 43
16 45 33742 87
8 13 7423 47
26 33 87051 58
36 3 8653 74
19 7 93809 7
38 29 31325 59
7 17 97976 20
30 16 74308 26
3 44 15029 30
22 33 39174 85
30 46 14956 85
28 2 95898 9
44 45 20605 38
32 16 1776 24
32 28 64225 78
20 34 35592 41
38 45 90125 43
22 3 25749 68
41 4 22187 20
30 17 37694 31
26 29 44539 45
14 10 86904 63
17 41 59755 21
11 23 52524 47
16 12 42540 73
17 34 35545 82
41 31 85707 74
29 29 60026 80
17 28 66723 86
31 22 8055 67
20 14 21305 67
27 21 96385 15
15 21 1739 94
28 24 52148 35
19 19 39367 15
32 40 11344 55
11 45 89665 15
34 12 66171 15
44 29 60617 34
19 2 61680 70
14 15 72387 14
16 10 60283 91
14 24 72557 66
13 31 75604 4
7 42 77009 7
27 10 2353 77
34 20 77015 59
36 29 28995 5
37 27 17960 19
19 30 30430 10
18 13 70860 41
32 26 77041 23
2 8 14457 66
13 48 41750 4
41 40 76399 21
11 28 22065 76
36 30 32798 79
27 13 18983 95
14 43 7770 15
36 27 11181 6
22 5 77147 6
15 44 25779 68
4 6 13026 16
26 20 54336 31
31 25 67015 84
40 27 59998 68
22 41 71199 90
4 48 38613 70
25 23 35001 57
30 29 47355 40
22 11 42572 11
20 36 94531 51
10 6 42064 55
21 28 24840 73
43 30 41629 69
3 22 36547 84
41 5 83320 16
25 2 87022 80
18 11 48579 18
10 49 75063 41
25 5 93231 32
33 18 22036 23
25 12 14607 30
13 14 83449 51
15 29 30683 92
41 15 82426 35
24 11 2983 60
35 15 47639 58
22 22 81195 84
30 15 48742 3
40 31 22297 77
32 25 98049 75
19 28 69212 39
16 24 61784 14
38 43 44754 10
20 23 62302 74
9 35 37414 35
18 28 65444 95
9 43 4253 45
25 19 4526 0
27 8 21395 3
2 22 51512 59
16 15 85053 85
35 17 62841 16
32 20 29900 7
24 7 78516 89
23 24 20414 79
36 22 16814 86
17 33 60488 99
29 13 75275 81
34 25 30917 59
14 34 85438 70
27 14 57332 5
28 13 27010 98
11 15 63101 26
9 33 55990 42
17 38 72661 15
43 8 54322 21
3 6 75369 26
15 12 23718 42
43 36 83001 13
18 17 10606 97
24 2 44558 90
15 16 8858 91
13 21 62982 85
12 25 80979 21
33 16 31891 10
6 8 50885 48
34 19 93237 27
36 23 78848 5
30 26 50260 58
35 21 86793 29
17 30 22044 69
9 37 39094 33
7 14 2705 48
34 46 43634 29
38 41 72818 76
41 14 41510 85
12 15 46409 29
34 8 80633 76
48 31 8261 48
33 47 7046 27
2 6 67594 80
38 3 57527 78
36 5 43958 96
12 29 85607 71
38 38 17167 25
9 31 8999 25
36 12 46752 83
38 27 43373 33
21 20 40340 95
36 21 19811 17
20 37 25882 75
16 30 15717 55
15 43 4378 100
25 24 30116 95
15 24 25689 78
33 38 874 100
19 37 95826 5
40 37 54522 62
21 24 84193 30
5 22 84160 55
13 38 91422 66
24 38 7884 40
26 19 17411 9
21 21 14895 85
13 24 45875 56
11 21 46466 85
13 25 21559 16
14 44 2371 37
12 24 24945 97
22 15 79778 63
37 44 21702 8
15 13 98452 12
36 6 77683 7
29 2 25329 12
15 27 97725 74
26 17 63937 68
23 14 71939 84
16 17 39138 55
19 6 11507 46
24 37 27636 55
18 30 13201 66
9 11 49009 69
39 45 68655 24
13 22 2915 83
41 9 54759 28
9 6 23303 88
33 49 38106 19
14 41 28520 29
37 45 59246 57
25 20 11647 8
17 18 52627 90
31 37 52940 55
26 22 29235 24
35 14 27323 27
34 5 72005 95
21 36 26150 0
36 20 81552 56
33 10 24138 20
30 12 70694 35
23 18 49670 15
14 11 86525 59
32 37 90036 86
5 23 46731 55
21 3 53352 0
29 7 40860 77
8 11 99027 46
43 9 48819 56
14 28 15571 33
27 22 56316 21
18 21 43276 58
46 6 47790 8
24 26 87612 6
26 18 7980 11
37 11 10259 14
14 13 56119 97
10 7 85671 55
10 11 89510 96
31 6 4369 63
27 28 28325 36
13 49 49274 9
20 22 24803 86
27 15 14506 73
31 5 38368 23
37 19 6770 97
42 30 41611 47

