50 50 2500 30 29
##################################################
############.#######.##.......######.##.##########
############.#######.##.###..........##.##########
############.#######.##.###.#.#########.##########
############.######.........#...........##########
############.######...#.###.#..###.####.##########
############.######...#.###.#...##.####.##########
##............#####...#.##..........###.##########
##.#####......#####.........#....#..###.##########
##............#####......###.....#..###.##########
##.######.###.#####.............................##
##.######.###.###........................######.##
##.######.###.###......................########.##
#...........................#...##.....########.##
#########.###.#......##.........###...#########.##
#########.###..............#....#####.#########..#
#########.###.#.......................############
#########.#.#.................#.#####.############
#########.#.#.#...............#.##....############
########...........................#####..########
#########.....................#.#..........#######
#########.......................##.........#######
##########.........#.#..........##.##.##...#######
##########...........#.............##.#...##.....#
#.............................#...........##.###.#
#..............#.#............................##.#
#.########.......#..............##.#.###..##.###.#
#.########.......#..........#................###.#
#.######...#.........#.#..................######.#
#....................#..........#.........######.#
######.###.#.##.............#...#................#
#............#.........................######.####
######.#..##...#.#.####..............#...........#
###.......##...........................######.####
#.........##.#......##.........#####.#..#####.####
###.#####.##.#######........##.#####.#..#####.####
###.#####.##.##.####.###....##.#........#####.####
###.##.......##.##.............#.######.#####....#
#...............##....##.......#.######.##########
######..####.##.#..##.......##.#............######
######......................##.###################
###########..##.#..##..##.####.###################
#######.........#..............###################
###########..##.#......###########################
#####..####.###.######.###########################
##..........###.######.###########################
##.....###..##########.###########################
######.....#######################################
##########.#######################################
##################################################
179
41 10 90988 5
7 13 25808 47
37 38 95620 21
2 24 39844 16
43 18 47618 27
29 42 77908 71
8 5 74685 37
10 33 87365 78
34 23 9807 2
35 29 12279 40
24 38 64329 91
14 11 87864 53
18 18 64404 94
41 26 30469 100
10 8 12289 16
35 17 14090 54
31 16 92605 51
18 20 52423 42
34 9 68727 75
25 5 35028 34
15 26 11923 68
20 10 22955 52
29 27 8203 17
38 16 46617 57
21 19 65149 81
20 18 85323 57
17 30 2056 92
3 29 6705 20
27 25 76414 94
31 42 69132 73
47 12 93849 84
6 13 21021 31
34 20 61326 67
29 30 97510 89
31 45 14518 88
37 25 13774 82
22 19 87403 13
38 13 23533 59
8 6 37672 44
34 31 45492 18
22 38 33374 19
13 14 5994 76
14 32 39055 57
22 25 80139 68
5 35 58252 84
11 30 89326 53
29 9 89183 1
24 25 13799 11
24 40 46828 53
4 40 3230 84
41 16 38684 77
8 24 11781 42
13 10 1075 57
24 48 44693 36
25 22 19211 79
32 28 15315 5
16 24 4130 39
15 25 41324 13
18 10 42555 12
40 38 66477 67
25 49 8901 17
31 22 19882 97
9 27 68758 31
38 7 19884 56
37 4 32909 7
36 10 82361 64
25 15 8896 36
29 32 1722 69
22 23 49793 57
31 48 74345 60
26 12 88231 68
17 28 76539 0
22 40 34272 46
34 22 58571 5
46 6 94563 60
35 5 35643 31
7 31 6705 81
19 16 3879 90
41 24 25791 0
27 42 62011 16
17 20 55650 37
40 19 49036 72
21 36 71329 61
41 14 37643 74
34 38 70997 29
36 22 49568 89
10 9 50829 73
29 10 77685 41
30 17 20831 12
14 2 94187 31
32 18 39157 77
31 24 22011 78
17 10 70944 45
8 9 29708 61
36 24 49386 38
21 35 57996 91
38 24 19260 6
26 45 85529 46
19 28 95642 47
48 11 31497 48
39 21 68166 43
10 10 33079 32
10 12 39332 22
38 48 98964 77
29 19 66460 3
22 24 74428 11
14 39 50293 95
18 24 53664 10
23 21 26493 45
37 16 46644 69
30 31 94812 0
30 3 76497 72
16 19 59625 90
13 27 95197 100
8 30 85467 25
26 11 78916 61
27 16 39591 98
44 18 21760 89
30 2 72590 8
18 28 15858 88
19 29 55885 79
21 26 79746 18
31 28 60084 28
29 21 31604 27
28 42 27457 7
3 21 8577 65
19 26 79547 3
23 41 61776 81
48 9 52843 82
41 8 24912 44
24 13 5678 16
29 15 94070 31
43 14 89899 69
34 7 14300 70
22 39 95052 12
18 38 74156 90
18 30 87557 62
30 32 10671 87
14 48 28107 83
5 39 15619 16
39 40 12645 16
31 27 87362 44
8 12 6852 5
21 32 54716 4
18 16 88428 82
15 48 45862 31
7 28 19941 84
26 28 39770 65
40 16 75570 63
31 44 60735 93
26 21 74310 72
9 36 94227 49
29 38 14510 22
40 33 377 72
32 17 24511 0
30 24 53385 14
33 49 56810 42
26 31 77433 0
30 11 15827 64
14 15 2654 23
5 33 20365 35
11 47 69080 79
10 40 48276 6
33 41 86179 55
14 14 5319 55
17 38 21360 77
31 25 66747 91
13 37 32978 26
24 47 66236 10
28 22 22554 29
33 39 45214 76
16 18 7680 8
3 33 96351 68
29 2 85808 3
31 32 77015 25
37 31 69837 85
13 24 10431 32
39 33 62776 85
29 41 14528 74

